64      26.452824
80      38.423397
100     58.278505
127     113.607154
128     118.850061
129     99.804536
150     155.353117
170     193.652998
190     266.784728
210     180.738661
230     206.465577
255     271.515460
256     281.852659
257     252.618033
300     363.440389
333     239.095705
366     359.745811
400     349.926291
433     396.835940
466     367.112959
511     428.528221
512     465.413290
513     323.471662
550     370.315099
600     400.608301
650     370.876474
700     437.117738
750     412.561466
800     426.249560
850     398.541720
900     388.583333
950     428.271053
1023    435.042812
1024    450.049654
1025    380.300216
1100    390.699596
1200    425.365954
1300    400.930304
1400    420.709240
1500    403.871706
1600    431.626537
1700    402.968525
1800    396.458640
1900    408.116864
2047    415.606698
2048    428.182008
2049    388.686025