64      28.341581
80      46.760667
100     68.094878
127     119.509543
128     128.036289
129     114.247764
150     165.033821
170     220.262044
190     285.191882
210     227.520570
230     276.964515
255     342.766523
256     373.904060
257     334.013292
300     479.237460
333     410.607311
366     503.052743
400     509.960307
433     521.890854
466     496.698538
511     607.798540
512     663.246016
513     430.351943
550     503.975624
600     521.272883
650     505.690024
700     590.102492
750     500.460165
800     574.065322
850     536.533925
900     527.554004
950     540.951092
1023    580.345987
1024    643.234458
1025    497.908206
1100    521.096237
1200    585.538485
1300    514.671152
1400    552.866849
1500    521.969970
1600    578.929215
1700    520.351209
1800    519.019600
1900    521.262376
2047    522.483814
2048    577.169794
2049    498.519145