64      46.977638
80      78.403930
100     90.628868
127     156.423141
128     171.966628
129     149.652892
150     213.736615
170     211.904114
190     267.977562
210     255.087502
230     257.640271
255     326.758727
256     368.239589
257     240.826030
300     311.133051
333     298.536078
366     307.712187
400     361.388085
433     314.759338
466     326.523462
511     343.227301
512     400.920100
513     312.969933
550     314.267977
600     344.324597
650     330.290698
700     363.979733
750     346.640259
800     408.331286
850     340.851079
900     336.336025
950     335.640388
1023    338.923160
1024    388.696222
1025    317.783976
1100    333.922925
1200    370.878290
1300    333.848001
1400    345.990250
1500    336.076227
1600    370.667650
1700    324.343414
1800    337.720253
1900    327.795220
2047    330.064176
2048    369.354383
2049    319.974965