64      12.252874
80      19.852858
100     27.411960
127     47.926483
128     51.154946
129     46.090946
150     66.046638
170     88.188713
190     113.474928
210     133.733106
230     164.542703
255     196.555768
256     205.642316
257     192.816703
300     278.739313
333     344.026532
366     413.754188
400     343.577594
433     377.770222
466     438.035758
511     531.118219
512     544.273218
513     521.197418
550     598.051419
600     737.820396
650     451.032659
700     521.533981
750     600.806747
800     688.616071
850     739.139414
900     575.790766
950     629.224677
1023    723.950429
1024    761.024708
1025    592.660336
1100    655.818466
1200    730.070568
1300    654.040365
1400    756.532477
1500    704.095993
1600    717.364388
1700    671.278068
1800    683.592761
1900    729.758546
2047    756.231741
2048    775.763692
2049    666.203582