64      24.349720
80      39.938323
100     60.172211
127     100.509371
128     110.517565
129     100.996817
150     144.358311
180     178.947152
210     237.763661
255     287.249148
256     324.138023
257     241.992466
300     336.151883
350     364.350762
400     395.721139
450     316.444118
511     361.195421
512     428.946932
513     329.595487
600     425.443732
700     380.095502
800     435.835521
900     382.113528
1023    375.570485
1024    433.298405
1025    350.025682
2047    358.292270
2048    405.668480
2049    347.060394