64      15.748931
80      23.252489
100     35.808964
127     60.361408
128     64.006498
129     63.054493
150     87.322041
170     112.515305
190     154.724668
210     186.823699
230     223.310783
255     274.912355
256     288.366947
257     281.059563
300     229.289751
333     279.499440
366     325.281208
400     403.519743
433     445.865272
466     528.569512
511     392.940894
512     426.325440
513     398.823040
550     490.898770
600     475.383725
650     524.844617
700     443.215433
750     484.838654
800     478.918750
850     515.712044
900     517.785057
950     566.591994
1023    516.058185
1024    535.806020
1025    521.365310
1100    508.027818
1200    525.506732
1300    513.467668
1400    525.950163
1500    531.241758
1600    537.280084
1700    536.148289
1800    557.269451
1900    542.596222
2047    520.151037
2048    536.359352
2049    522.609187